0.000000
0.606239
1.010656
1.040162
0.660873
0.000000
-0.695974
-1.153527
-1.180144
-0.745261
-0.000000
0.775119
1.276578
1.297702
0.814233
0.000000
-0.835927
-1.367765
-1.381327
-0.861040
-0.000000
0.872445
1.418162
1.422835
0.881098
0.000000
-0.881098
-1.422835
-1.418162
-0.872445
-0.000000
0.861040
1.381327
1.367765
0.835927
-0.000000
-0.814233
-1.297702
-1.276578
-0.775119
-0.000000
0.745261
1.180144
1.153527
0.695974
0.000000
-0.660873
-1.040162
-1.010656
-0.606239
-0.000000
0.569332
0.891457
0.861951
0.514697
-0.000000
-0.479596
-0.748586
-0.721969
-0.430310
-0.000000
0.400451
0.625535
0.604411
0.361337
-0.000000
-0.339644
-0.534348
-0.520786
-0.314531
0.000000
0.303126
0.483951
0.479278
0.294473
0.000000
-0.294473
-0.479278
-0.483951
-0.303126
-0.000000
0.314531
0.520786
0.534348
0.339644
0.000000
-0.361337
-0.604411
-0.625535
-0.400451
-0.000000
0.430310
0.721969
0.748586
0.479596
-0.000000
-0.514697
-0.861951
-0.891457
-0.569332
-0.000000
0.606239
1.010656
1.040162
0.660873
-0.000000
-0.695974
-1.153527
-1.180144
-0.745261
0.000000
0.775119
1.276578
1.297702
0.814233
-0.000000
-0.835927
-1.367765
-1.381327
-0.861040
-0.000000
0.872445
1.418162
1.422835
0.881098
-0.000000
-0.881098
-1.422835
-1.418162
-0.872445
0.000000
0.861040
1.381327
1.367765
0.835927
-0.000000
-0.814233
-1.297702
-1.276578
-0.775119
0.000000
0.745261
1.180144
1.153527
0.695974
-0.000000
-0.660873
-1.040162
-1.010656
-0.606239
-0.000000
0.569332
0.891457
0.861951
0.514697
0.000000
-0.479596
-0.748586
-0.721969
-0.430310
-0.000000
0.400451
0.625535
0.604411
0.361337
0.000000
-0.339644
-0.534348
-0.520786
-0.314531
-0.000000
0.303126
0.483951
0.479278
0.294473
0.000000
-0.294473
-0.479278
-0.483951
-0.303126
-0.000000
0.314531
0.520786
0.534348
0.339644
0.000000
-0.361337
-0.604411
-0.625535
-0.400451
0.000000
0.430310
0.721969
0.748586
0.479596
0.000000
-0.514697
-0.861951
-0.891457
-0.569332
-0.000000
0.606239
1.010656
1.040162
0.660873
0.000000
-0.695974
-1.153527
-1.180144
-0.745261
0.000000
0.775119
1.276578
1.297702
0.814233
0.000000
-0.835927
-1.367765
-1.381327
-0.861040
0.000000
0.872445
1.418162
1.422835
0.881098
0.000000
-0.881098
-1.422835
-1.418162
-0.872445
0.000000
0.861040
1.381327
1.367765
0.835927
-0.000000
-0.814233
-1.297702
-1.276578
-0.775119
-0.000000
0.745261
1.180144
1.153527
0.695974
-0.000000
-0.660873
-1.040162
-1.010656
-0.606239
0.000000
0.569332
0.891457
0.861951
0.514697
-0.000000
-0.479596
-0.748586
-0.721969
-0.430310
0.000000
0.400451
0.625535
0.604411
0.361337
0.000000
-0.339644
-0.534348
-0.520786
-0.314531
0.000000
0.303126
0.483951
0.479278
0.294473
-0.000000
-0.294473
-0.479278
-0.483951
-0.303126
0.000000
0.314531
0.520786
0.534348
0.339644
-0.000000
-0.361337
-0.604411
-0.625535
-0.400451
0.000000
0.430310
0.721969
0.748586
0.479596
-0.000000
-0.514697
-0.861951
-0.891457
-0.569332
-0.000000
0.606239
1.010656
1.040162
0.660873
0.000000
-0.695974
-1.153527
-1.180144
-0.745261
-0.000000
0.775119
1.276578
1.297702
0.814233
0.000000
-0.835927
-1.367765
-1.381327
-0.861040
-0.000000
0.872445
1.418162
1.422835
0.881098
0.000000
-0.881098
-1.422835
-1.418162
-0.872445
-0.000000
0.861040
1.381327
1.367765
0.835927
0.000000
-0.814233
-1.297702
-1.276578
-0.775119
-0.000000
0.745261
1.180144
1.153527
0.695974
0.000000
-0.660873
-1.040162
-1.010656
-0.606239
-0.000000
0.569332
0.891457
0.861951
0.514697
-0.000000
-0.479596
-0.748586
-0.721969
-0.430310
-0.000000
0.400451
0.625535
0.604411
0.361337
0.000000
-0.339644
-0.534348
-0.520786
-0.314531
-0.000000
0.303126
0.483951
0.479278
0.294473
0.000000
-0.294473
-0.479278
-0.483951
-0.303126
0.000000
0.314531
0.520786
0.534348
0.339644
0.000000
-0.361337
-0.604411
-0.625535
-0.400451
-0.000000
0.430310
0.721969
0.748586
0.479596
-0.000000
-0.514697
-0.861951
-0.891457
-0.569332
-0.000000
0.606239
1.010656
1.040162
0.660873
0.000000
-0.695974
-1.153527
-1.180144
-0.745261
-0.000000
0.775119
1.276578
1.297702
0.814233
-0.000000
-0.835927
-1.367765
-1.381327
-0.861040
0.000000
0.872445
1.418162
1.422835
0.881098
0.000000
-0.881098
-1.422835
-1.418162
-0.872445
-0.000000
0.861040
1.381327
1.367765
0.835927
-0.000000
-0.814233
-1.297702
-1.276578
-0.775119
0.000000
0.745261
1.180144
1.153527
0.695974
-0.000000
-0.660873
-1.040162
-1.010656
-0.606239
-0.000000
0.569332
0.891457
0.861951
0.514697
0.000000
-0.479596
-0.748586
-0.721969
-0.430310
0.000000
0.400451
0.625535
0.604411
0.361337
-0.000000
-0.339644
-0.534348
-0.520786
-0.314531
0.000000
0.303126
0.483951
0.479278
0.294473
0.000000
-0.294473
-0.479278
-0.483951
-0.303126
-0.000000
0.314531
0.520786
0.534348
0.339644
-0.000000
-0.361337
-0.604411
-0.625535
-0.400451
0.000000
0.430310
0.721969
0.748586
0.479596
-0.000000
-0.514697
-0.861951
-0.891457
-0.569332
