0.0
0.0
0.0
0.1
0.4
0.7
0.95
1.0
1.0
1.0
1.0
1.0
1.0
1.0
0.95
0.7
0.4
0.1
0.0
0.0
0.0
0.0
0.0
-0.1
-0.4
-0.7
-0.95
-1.0
-1.0
-1.0
-1.0
-1.0
-1.0
-1.0
-0.95
-0.7
-0.4
-0.1
0.0
0.0
0.0
0.0
0.0
0.1
0.4
0.7
0.95
1.0
1.0
1.0
1.0
1.0
1.0
1.0
0.95
0.7
0.4
0.1
0.0
0.0
0.0
0.0
0.0
-0.1
-0.4
-0.7
-0.95
-1.0
-1.0
-1.0
-1.0
-1.0
-1.0
-1.0
-0.95
-0.7
-0.4
-0.1
0.0
0.0
0.0
0.0
0.0
0.1
0.4
0.7
0.95
1.0
1.0
1.0
1.0
1.0
1.0
1.0
0.95
0.7
0.4
0.1
0.0
0.0
0.0
0.0
0.0
-0.1
-0.4
-0.7
-0.95
-1.0
-1.0
-1.0
-1.0
-1.0
-1.0
-1.0
-0.95
-0.7
-0.4
-0.1
0.0
0.0
0.0
0.0
0.0
0.1
0.4
0.7
0.95
1.0
1.0
1.0
1.0
1.0
1.0
1.0
0.95
0.7
0.4
0.1
0.0
0.0
0.0
0.0
0.0
-0.1
-0.4
-0.7
-0.95
-1.0
-1.0
-1.0
-1.0
-1.0
-1.0
-1.0
-0.95
-0.7
-0.4
-0.1
0.0
0.0
0.0
0.0
0.0
0.1
0.4
0.7
0.95
1.0
1.0
1.0
1.0
1.0
1.0
1.0
0.95
0.7
0.4
0.1
0.0
0.0
0.0
0.0
0.0
-0.1
-0.4
-0.7
-0.95
-1.0
-1.0
-1.0
-1.0
-1.0
-1.0
-1.0
-0.95
-0.7
-0.4
-0.1
0.0
0.0
0.0
0.0
0.0
0.1
0.4
0.7
0.95
1.0
1.0
1.0
1.0
1.0
1.0
1.0
0.95
0.7
0.4
0.1
0.0
0.0
0.0
0.0
0.0
-0.1
-0.4
-0.7
-0.95
-1.0
-1.0
-1.0
-1.0
-1.0
-1.0
-1.0
-0.95
-0.7
-0.4
-0.1
0.0
0.0
0.0
0.0
0.0
0.1
0.4
0.7
0.95
1.0
1.0
1.0
1.0
1.0
1.0
1.0
0.95
0.7
0.4
0.1
0.0
0.0
0.0
0.0
0.0
-0.1
-0.4
-0.7
-0.95
-1.0
-1.0
-1.0
-1.0
-1.0
-1.0
-1.0
-0.95
-0.7
-0.4
-0.1
0.0
0.0