0.0
0.3
0.6
0.8
0.7
0.4
0.1
-0.2
-0.5
-0.7
-0.6
-0.3
0.0
0.4
0.7
0.9
0.8
0.5
0.2
-0.1
-0.4
-0.8
-0.9
-0.7
-0.4
-0.1
0.2
0.6
0.85
0.95
0.85
0.6
0.2
-0.2
-0.6
-0.85
-0.95
-0.85
-0.6
-0.2
0.2
0.6
0.8
0.7
0.3
-0.1
-0.5
-0.7
-0.6
-0.2
0.0
0.3
0.6
0.8
0.7
0.4
0.1
-0.2
-0.5
-0.7
-0.6
-0.3
0.0
0.4
0.7
0.9
0.8
0.5
0.2
-0.1
-0.4
-0.8
-0.9
-0.7
-0.4
-0.1
0.2
0.6
0.85
0.95
0.85
0.6
0.2
-0.2
-0.6
-0.85
-0.95
-0.85
-0.6
-0.2
0.2
0.6
0.8
0.7
0.3
-0.1
-0.5
-0.7
-0.6
-0.2
0.0
0.3
0.6
0.8
0.7
0.4
0.1
-0.2
-0.5
-0.7
-0.6
-0.3
0.0
0.4
0.7
0.9
0.8
0.5
0.2
-0.1
-0.4
-0.8
-0.9
-0.7
-0.4
-0.1
0.2
0.6
0.85
0.95
0.85
0.6
0.2
-0.2
-0.6
-0.85
-0.95
-0.85
-0.6
-0.2
0.2
0.6
0.8
0.7
0.3
-0.1
-0.5
-0.7
-0.6
-0.2
0.0
0.3
0.6
0.8
0.7
0.4
0.1
-0.2
-0.5
-0.7
-0.6
-0.3
0.0
0.4
0.7
0.9
0.8
0.5
0.2
-0.1
-0.4
-0.8
-0.9
-0.7
-0.4
-0.1
0.2
0.6
0.85
0.95
0.85
0.6
0.2
-0.2
-0.6
-0.85
-0.95
-0.85
-0.6
-0.2
0.2
0.6
0.8
0.7
0.3
-0.1
-0.5
-0.7
-0.6
-0.2
0.0
0.3
0.6
0.8
0.7
0.4
0.1
-0.2
-0.5
-0.7
-0.6
-0.3
0.0
0.4
0.7
0.9
0.8
0.5
0.2
-0.1
-0.4
-0.8
-0.9
-0.7
-0.4
-0.1
0.2
0.6
0.85
0.95
0.85
0.6
0.2
-0.2
-0.6
-0.85
-0.95
-0.85
-0.6
-0.2
0.2
0.6
0.8
0.7
0.3
-0.1
-0.5
-0.7
-0.6
-0.2
0.0
0.3
0.6
0.8
0.7
0.4
0.1
-0.2
-0.5
-0.7
-0.6
-0.3
0.0
0.4
0.7
0.9
0.8
0.5
0.2
-0.1
-0.4
-0.8
-0.9
-0.7
-0.4
-0.1
0.2
0.6
0.85
0.95
0.85
0.6
0.2
-0.2
-0.6
-0.85
-0.95
-0.85
-0.6
-0.2
0.2
0.6
0.8
0.7
0.3
-0.1
-0.5
-0.7
-0.6
-0.2
0.0
0.3
0.6
0.8
0.7
0.4
0.1
-0.2
-0.5
-0.7
-0.6
-0.3
0.0
0.4
0.7
0.9
0.8
0.5
0.2
-0.1
-0.4
-0.8
-0.9
-0.7
-0.4
-0.1
0.2
0.6
0.85
0.95
0.85
0.6
0.2
-0.2
-0.6
-0.85
-0.95
-0.85
-0.6
-0.2
0.2
0.6
0.8
0.7
0.3
-0.1
-0.5
-0.7
-0.6
-0.2