0.12
0.43
0.67
0.89
0.95
0.87
0.74
0.51
0.23
-0.08
-0.34
-0.61
-0.78
-0.91
-0.99
-0.88
-0.72
-0.48
-0.19
0.11
0.38
0.64
0.81
0.93
0.97
0.84
0.69
0.44
0.17
-0.14
-0.41
-0.68
-0.83
-0.94
-0.96
-0.82
-0.66
-0.41
-0.12
0.12
0.43
0.67
0.89
0.95
0.87
0.74
0.51
0.23
-0.08
-0.34
-0.61
-0.78
-0.91
-0.99
-0.88
-0.72
-0.48
-0.19
0.11
0.38
0.64
0.81
0.93
0.97
0.84
0.69
0.44
0.17
-0.14
-0.41
-0.68
-0.83
-0.94
-0.96
-0.82
-0.66
-0.41
-0.12
0.12
0.43
0.67
0.89
0.95
0.87
0.74
0.51
0.23
-0.08
-0.34
-0.61
-0.78
-0.91
-0.99
-0.88
-0.72
-0.48
-0.19
0.11
0.38
0.64
0.81
0.93
0.97
0.84
0.69
0.44
0.17
-0.14
-0.41
-0.68
-0.83
-0.94
-0.96
-0.82
-0.66
-0.41
-0.12
0.12
0.43
0.67
0.89
0.95
0.87
0.74
0.51
0.23
-0.08
-0.34
-0.61
-0.78
-0.91
-0.99
-0.88
-0.72
-0.48
-0.19
0.11
0.38
0.64
0.81
0.93
0.97
0.84
0.69
0.44
0.17
-0.14
-0.41
-0.68
-0.83
-0.94
-0.96
-0.82
-0.66
-0.41
-0.12
0.12
0.43
0.67
0.89
0.95
0.87
0.74
0.51
0.23
-0.08
-0.34
-0.61
-0.78
-0.91
-0.99
-0.88
-0.72
-0.48
-0.19
0.11
0.38
0.64
0.81
0.93
0.97
0.84
0.69
0.44
0.17
-0.14
-0.41
-0.68
-0.83
-0.94
-0.96
-0.82
-0.66
-0.41
-0.12
